[gd_scene load_steps=3 format=2]

[ext_resource path="res://src/player/src/PlayerController.tscn" type="PackedScene" id=1]
[ext_resource path="res://src/levels/neon_hellscape_testenv.tres" type="Environment" id=2]

[node name="TL_Cam_01" type="Spatial"]

[node name="LevelGeometry" type="Node" parent="."]

[node name="Floor" type="CSGBox" parent="LevelGeometry"]
use_collision = true
width = 500.0
height = 0.1
depth = 500.0

[node name="WallHeightTests" type="Node" parent="LevelGeometry"]

[node name="CSGBox4" type="CSGBox" parent="LevelGeometry/WallHeightTests"]
transform = Transform( 1, 0, 0, 0, 1, 0, 0, 0, 1, -26, 2.5, -24 )
use_collision = true
width = 15.0
height = 5.0
depth = 10.0

[node name="CSGBox2" type="CSGBox" parent="LevelGeometry/WallHeightTests"]
transform = Transform( 1, 0, 0, 0, 1, 0, 0, 0, 1, 0, 5, -24 )
use_collision = true
width = 15.0
height = 10.0
depth = 10.0

[node name="CSGBox5" type="CSGBox" parent="LevelGeometry/WallHeightTests"]
transform = Transform( 1, 0, 0, 0, 1, 0, 0, 0, 1, 25, 7.5, -24 )
use_collision = true
width = 15.0
height = 15.0
depth = 10.0

[node name="CSGBox6" type="CSGBox" parent="LevelGeometry/WallHeightTests"]
transform = Transform( 1, 0, 0, 0, 1, 0, 0, 0, 1, 25, 10, 19 )
use_collision = true
width = 15.0
height = 20.0
depth = 10.0

[node name="CSGBox7" type="CSGBox" parent="LevelGeometry/WallHeightTests"]
transform = Transform( 1, 0, 0, 0, 1, 0, 0, 0, 1, 0, 12.5, 19 )
use_collision = true
width = 15.0
height = 25.0
depth = 10.0

[node name="CSGBox8" type="CSGBox" parent="LevelGeometry/WallHeightTests"]
transform = Transform( 1, 0, 0, 0, 1, 0, 0, 0, 1, -26, 15, 19 )
use_collision = true
width = 15.0
height = 30.0
depth = 10.0

[node name="AngledWalls" type="Node" parent="LevelGeometry"]

[node name="CSGBox" type="CSGBox" parent="LevelGeometry/AngledWalls"]
transform = Transform( -4.37114e-08, -0.258819, 0.965926, 0, 0.965926, 0.258819, -1, 1.13133e-08, -4.2222e-08, 90, 10, 11 )
use_collision = true
width = 10.0
height = 20.0
depth = 5.0

[node name="CSGBox2" type="CSGBox" parent="LevelGeometry/AngledWalls"]
transform = Transform( -4.37114e-08, -0.5, 0.866025, 0, 0.866025, 0.5, -1, 2.18557e-08, -3.78552e-08, 90, 10, 33 )
use_collision = true
width = 10.0
height = 20.0
depth = 5.0

[node name="CSGBox3" type="CSGBox" parent="LevelGeometry/AngledWalls"]
transform = Transform( -4.37114e-08, -0.707107, 0.707107, 0, 0.707107, 0.707107, -1, 3.09086e-08, -3.09086e-08, 90, 10, 55 )
use_collision = true
width = 10.0
height = 20.0
depth = 5.0

[node name="CSGBox4" type="CSGBox" parent="LevelGeometry/AngledWalls"]
transform = Transform( -4.37114e-08, -0.866025, 0.5, 0, 0.5, 0.866025, -1, 3.78552e-08, -2.18557e-08, 90, 10, 76 )
use_collision = true
width = 10.0
height = 20.0
depth = 5.0

[node name="CSGBox5" type="CSGBox" parent="LevelGeometry/AngledWalls"]
transform = Transform( -4.37114e-08, 0.258819, 0.965926, 0, 0.965926, -0.258819, -1, -1.13133e-08, -4.2222e-08, 90, 10, -11 )
use_collision = true
width = 10.0
height = 20.0
depth = 5.0

[node name="CSGBox6" type="CSGBox" parent="LevelGeometry/AngledWalls"]
transform = Transform( -4.37114e-08, 0.5, 0.866025, 0, 0.866025, -0.5, -1, -2.18557e-08, -3.78552e-08, 90, 10, -34 )
use_collision = true
width = 10.0
height = 20.0
depth = 5.0

[node name="CSGBox7" type="CSGBox" parent="LevelGeometry/AngledWalls"]
transform = Transform( -4.37114e-08, 0.707107, 0.707107, 0, 0.707107, -0.707107, -1, -3.09086e-08, -3.09086e-08, 90, 10, -59 )
use_collision = true
width = 10.0
height = 20.0
depth = 5.0

[node name="CSGBox8" type="CSGBox" parent="LevelGeometry/AngledWalls"]
transform = Transform( -4.37114e-08, 0.866025, 0.5, 0, 0.5, -0.866025, -1, -3.78552e-08, -2.18557e-08, 90, 10, -84 )
use_collision = true
width = 10.0
height = 20.0
depth = 5.0

[node name="EnclosedSpaces" type="Node" parent="LevelGeometry"]

[node name="CSGCombiner" type="CSGCombiner" parent="LevelGeometry/EnclosedSpaces"]
transform = Transform( 1, 0, 0, 0, 1, 0, 0, 0, 1, -85, 0, -64 )
operation = 2
use_collision = true

[node name="CSGBox" type="CSGBox" parent="LevelGeometry/EnclosedSpaces/CSGCombiner"]
transform = Transform( 1, 0, 0, 0, 1, 0, 0, 0, 1, 0, 20, -124 )
width = 40.0
height = 40.0
depth = 40.0

[node name="CSGBox2" type="CSGBox" parent="LevelGeometry/EnclosedSpaces/CSGCombiner"]
transform = Transform( 1, 0, 0, 0, 1, 0, 0, 0, 1, 0, 15, -124 )
operation = 2
width = 40.0
height = 30.0
depth = 20.0

[node name="CSGCombiner2" type="CSGCombiner" parent="LevelGeometry/EnclosedSpaces"]
transform = Transform( 1, 0, 0, 0, 1, 0, 0, 0, 1, -85, 0, -1 )
operation = 2
use_collision = true

[node name="CSGBox" type="CSGBox" parent="LevelGeometry/EnclosedSpaces/CSGCombiner2"]
transform = Transform( 1, 0, 0, 0, 1, 0, 0, 0, 1, 0, 20, -124 )
width = 40.0
height = 40.0
depth = 40.0

[node name="CSGBox2" type="CSGBox" parent="LevelGeometry/EnclosedSpaces/CSGCombiner2"]
transform = Transform( 1, 0, 0, 0, 1, 0, 0, 0, 1, 0, 10, -124 )
operation = 2
width = 40.0
height = 20.0
depth = 20.0

[node name="CSGCombiner3" type="CSGCombiner" parent="LevelGeometry/EnclosedSpaces"]
transform = Transform( 1, 0, 0, 0, 1, 0, 0, 0, 1, -85, 0, 60 )
operation = 2
use_collision = true

[node name="CSGBox" type="CSGBox" parent="LevelGeometry/EnclosedSpaces/CSGCombiner3"]
transform = Transform( 1, 0, 0, 0, 1, 0, 0, 0, 1, 0, 20, -124 )
width = 40.0
height = 40.0
depth = 40.0

[node name="CSGBox2" type="CSGBox" parent="LevelGeometry/EnclosedSpaces/CSGCombiner3"]
transform = Transform( 1, 0, 0, 0, 1, 0, 0, 0, 1, 0, 5, -124 )
operation = 2
width = 40.0
height = 10.0
depth = 20.0

[node name="CSGCombiner4" type="CSGCombiner" parent="LevelGeometry/EnclosedSpaces"]
transform = Transform( 1, 0, 0, 0, 1, 0, 0, 0, 1, -85, 0, 118 )
operation = 2
use_collision = true

[node name="CSGBox" type="CSGBox" parent="LevelGeometry/EnclosedSpaces/CSGCombiner4"]
transform = Transform( 1, 0, 0, 0, 1, 0, 0, 0, 1, 0, 20, -124 )
width = 40.0
height = 40.0
depth = 40.0

[node name="CSGBox2" type="CSGBox" parent="LevelGeometry/EnclosedSpaces/CSGCombiner4"]
transform = Transform( 1, 0, 0, 0, 1, 0, 0, 0, 1, 0, 2.5, -124 )
operation = 2
width = 40.0
height = 5.0
depth = 20.0

[node name="Player" parent="." instance=ExtResource( 1 )]
transform = Transform( -4.37114e-08, 0, 1, 0, 1, 0, -1, 0, -4.37114e-08, 0, 0.278466, 0 )

[node name="WorldEnvironment" type="WorldEnvironment" parent="."]
environment = ExtResource( 2 )

[node name="OmniLight" type="OmniLight" parent="."]
transform = Transform( 1, 0, 0, 0, 1, 0, 0, 0, 1, 0, 23, 0 )
light_color = Color( 0.0823529, 1, 0.0313726, 1 )
light_energy = 0.5
omni_range = 100.0
